Timestamp: 2024-08-24_15-42-37
Latitude: -14.3014671
Longitude: -42.6908166
Altitude: 12.16m
