Timestamp: 2024-08-24_15-44-15
Latitude: -14.3014673
Longitude: -42.69097
Altitude: 11.949m
