Timestamp: 2024-08-24_15-44-38
Latitude: -14.3014666
Longitude: -42.6909732
Altitude: 12.0m
