Timestamp: 2024-08-24_15-44-49
Latitude: -14.3014669
Longitude: -42.691013
Altitude: 11.961m
