Timestamp: 2024-08-24_15-44-55
Latitude: -14.3014666
Longitude: -42.6910129
Altitude: 11.69m
