Timestamp: 2024-08-24_15-45-32
Latitude: -14.3014667
Longitude: -42.6910552
Altitude: 11.957m
