Timestamp: 2024-08-24_15-46-03
Latitude: -14.301508
Longitude: -42.691054
Altitude: 11.925m
