Timestamp: 2024-08-24_15-46-39
Latitude: -14.3015077
Longitude: -42.6909702
Altitude: 11.937m
