Timestamp: 2024-08-24_15-46-55
Latitude: -14.3015078
Longitude: -42.6909281
Altitude: 11.915m
