Timestamp: 2024-08-24_15-47-22
Latitude: -14.301507
Longitude: -42.690839
Altitude: 12.044m
