Timestamp: 2024-08-24_15-43-09
Latitude: -14.3014677
Longitude: -42.6908675
Altitude: 12.094m
