Timestamp: 2024-08-24_15-43-25
Latitude: -14.301468
Longitude: -42.6908896
Altitude: 11.914m
