Timestamp: 2024-08-24_15-43-55
Latitude: -14.3014669
Longitude: -42.690929
Altitude: 11.902m
