Timestamp: 2024-08-24_15-44-01
Latitude: -14.3014673
Longitude: -42.6909297
Altitude: 11.955m
