Timestamp: 2024-08-24_16-41-35
Latitude: -14.3014661
Longitude: -42.6910429
Altitude: 11.959m
