Timestamp: 2024-08-24_16-41-41
Latitude: -14.3014889
Longitude: -42.6910444
Altitude: 12.253m
