Timestamp: 2024-08-24_16-41-45
Latitude: -14.3015479
Longitude: -42.6910449
Altitude: 12.048m
