Timestamp: 2024-08-24_16-42-27
Latitude: -14.3015466
Longitude: -42.6909036
Altitude: 12.041m
