Timestamp: 2024-08-24_16-42-35
Latitude: -14.3015487
Longitude: -42.6908772
Altitude: 11.791m
