Timestamp: 2024-08-24_16-40-46
Latitude: -14.3014677
Longitude: -42.6908373
Altitude: 11.907m
