Timestamp: 2024-08-24_16-40-59
Latitude: -14.3014649
Longitude: -42.6908769
Altitude: 12.102m
