Timestamp: 2024-08-24_16-41-03
Latitude: -14.3014672
Longitude: -42.6909061
Altitude: 12.053m
