Timestamp: 2024-08-24_16-41-20
Latitude: -14.3014656
Longitude: -42.6909629
Altitude: 11.952m
