Timestamp: 2024-08-24_16-41-24
Latitude: -14.3014673
Longitude: -42.6909834
Altitude: 12.004m
